date,result ranking,race name,distance
2022-06-26,48,National Championships France - Road Race (NC) ,240.0
2022-05-29,39,Stage 4 - Martigné-sur-Mayenne › Laval ,180.0
2022-05-28,29,Stage 3 - Saint-Berthevin › Château-Gontier-sur-Mayenne ,188.0
2022-05-27,7,Stage 2 - Jublains › Pré-en-Pail-Saint-Samson ,171.0
2022-05-26,40,Stage 1 - Saint-Pierre-des-Landes › Andouillé ,180.0
2022-05-22,5,Boucles de l'Aulne - Châteaulin (1.1) ,175.2
2022-05-21,DNF,Tour du Finistère (1.1) ,193.3
2022-05-14,52,Grand Prix du Morbihan (1.Pro) ,185.4
2022-05-01,9,Stage 7 - Plumilliau › Lannion ,158.8
2022-04-30,17,Stage 6 - Plumergat › Camors ,162.1
2022-04-29,29,Stage 5 - Ploërmel › Scaër ,193.2
2022-04-28,25,Stage 4 - Saint-Jacut-de-la-Mer › Guillac ,164.7
2022-04-27,4,Stage 3 - Lohéac › Le Hinglé ,171.7
2022-04-26,85,Stage 2 - Missillac › La Chapelle-Bouëxic ,152.0
2022-04-25,75,Stage 1 - Guenrouët › Sainte-Reine-de-Bretagne ,162.3
2022-04-16,43,Tour du Jura Cycliste (1.1) ,169.8
2022-04-12,30,Paris - Camembert (1.1) ,213.8
2022-04-08,60,Stage 4 - La Chapelle-Saint-Aubin › La Chapelle-Saint-Aubin ,136.4
2022-04-07,68,Stage 3 - Sablé-sur-Sarthe › Sablé-sur-Sarthe ,176.5
2022-04-06,87,Stage 2 - Le Lude › Le Lude ,174.7
2022-04-05,72,Stage 1 - Mamers › Mamers ,192.3
2022-04-01,69,La Route Adélie de Vitré (1.1) ,176.7
2022-03-27,DNF,GP Industria  (1.Pro) ,192.2
2022-03-19,151,Milano-Sanremo (1.UWT) ,293.0
2022-03-16,125,Milano - Torino (1.Pro) ,199.0
2022-03-05,OTL,Strade Bianche (1.UWT) ,184.0
2022-02-27,97,Drôme Classic (1.Pro) ,191.5
2022-01-30,103,Trofeo Playa de Palma - Palma (1.1) ,169.1
2022-01-28,127,Trofeo Serra de Tramuntana (1.1) ,158.9
2022-01-27,63,Trofeo Alcúdia - Port d'Alcúdia (1.1) ,173.2
2022-04-28,25,Stage 4 - Saint-Jacut-de-la-Mer › Guillac,164.7
2022-04-27,4,Stage 3 - Lohéac › Le Hinglé,171.7
2022-04-26,85,Stage 2 - Missillac › La Chapelle-Bouëxic,152.0
2022-04-25,75,Stage 1 - Guenrouët › Sainte-Reine-de-Bretagne,162.3
2022-04-16,43,Tour du Jura Cycliste (1.1),169.8
2022-04-12,30,Paris - Camembert (1.1),213.8
2022-04-08,60,Stage 4 - La Chapelle-Saint-Aubin › La Chapelle-Saint-Aubin,136.4
2022-04-07,68,Stage 3 - Sablé-sur-Sarthe › Sablé-sur-Sarthe,176.5
2022-04-06,87,Stage 2 - Le Lude › Le Lude,174.7
2022-04-05,72,Stage 1 - Mamers › Mamers,192.3
2022-04-01,69,La Route Adélie de Vitré (1.1),176.7
2022-03-27,DNF,GP Industria  (1.Pro),192.2
2022-03-19,151,Milano-Sanremo (1.UWT),293.0
2022-03-16,125,Milano - Torino (1.Pro),199.0
2022-03-05,OTL,Strade Bianche (1.UWT),184.0
2022-02-27,97,Drôme Classic (1.Pro),191.5
2022-01-30,103,Trofeo Playa de Palma - Palma (1.1),169.1
2022-01-28,127,Trofeo Serra de Tramuntana (1.1),158.9
2022-01-27,63,Trofeo Alcúdia - Port d'Alcúdia (1.1),173.2
2021-10-16,56,Grand Prix du Morbihan (1.Pro),176.9
2021-10-09,DNF,Il Lombardia (1.UWT),239.0
2021-10-06,DNF,Milano - Torino (1.Pro),190.0
2021-10-04,DNF,Coppa Bernocchi - GP BPM (1.Pro),197.15
2021-10-01,58,La Route Adélie de Vitré (1.1),197.8
2021-09-18,73,Stage 5 - Mersch › Luxembourg-City,183.7
2021-09-17,62,Stage 4 (ITT) - Dudelange › Dudelange,25.4
2021-09-16,95,Stage 3 - Mondorf-les-Bains  › Mamer,189.3
2021-09-15,70,Stage 2 - Steinfort › Eschdorf,186.1
2021-09-14,56,Stage 1 - Luxembourg-City › Luxembourg-City,140.0
2021-09-05,59,Tour du Doubs (1.1),201.0
2021-09-04,77,Tour du Jura Cycliste (1.1),181.75
2021-08-29,37,Bretagne Classic - Ouest-France (1.UWT),251.0
2021-08-20,68,Stage 4 - Sauviat-sur-Vige › Limoges,169.7
2021-08-19,56,Stage 3 - Bugeat - Espace 1000 Sources › Lubersac,184.2
2021-08-18,115,Stage 2 - Agonac › Payzac,172.0
2021-08-17,30,Stage 1 - Isle › Sainte-Feyre,183.3
2021-08-15,5,La Polynormande (1.1),168.9
2021-08-01,DNF,Circuito de Getxo - Memorial Hermanos Otxoa (1.1),193.5
2021-07-31,89,Donostia San Sebastian Klasikoa (1.UWT),223.5
2021-07-29,36,Vuelta a Castilla y Leon (1.1),181.2
2021-07-25,71,Prueba Villafranca - Ordiziako Klasika (1.1),165.7
2021-07-18,DNF,Stage 5 - Cagliari › Cagliari,170.2
2021-07-17,24,Stage 4 - Cagliari › Cagliari,168.0
2021-07-16,119,Stage 3 - Oristano › Cagliari,180.9
2021-07-15,85,Stage 2 - Sassari › Oristano,185.5
2021-07-14,73,Stage 1 - Alghero › Sassari,155.8
2021-06-27,DNF,Axion SWISS Bank Gran Premio Città di Lugano (1.1),179.2
2021-06-24,45,Giro dell'Appennino (1.1),192.1
2021-06-20,DNF,National Championships France - Road Race (NC),242.9
2021-06-13,32,Stage 4 - Lavelanet-Pays d'Olmes › Duilhac-Sous-Peyrepertuse,151.2
2021-06-12,27,Stage 3 - Pierrefitte-Nestalas › Le Mourtis,191.8
2021-06-11,6,Stage 2 - Villefranche-De-Rouergue › Auch,198.7
2021-06-10,8,Stage 1 - Cazouls-Lès-Béziers › Lacaune Les Bains ,156.5
2021-06-08,DNF,Mont Ventoux Dénivelé Challenge (1.1),153.0
2021-06-04,12,Grosser Preis des Kantons Aargau (1.1),172.0
2021-05-22,7,Tour du Finistère (1.1),196.3
2021-05-15,DNF,Trofeo Andratx - Mirador des Colomer (Puerto Pollença) (1.1),161.3
2021-05-14,6,Trofeo Serra de Tramuntana (Lloseta - Deia) (1.1),158.6
2021-05-13,14,Trofeo Calvia (1.1),168.7
2021-05-02,40,Stage 3 - Cangas del Narcea › Alto del Naranco,125.3
2021-05-01,81,Stage 2 - Candás › Cangas del Narcea,200.5
2021-04-30,64,Stage 1 - Oviedo › Pola de Lena,184.5
2021-04-23,DNF,Stage 5 - Valle del Chiese/Idroland › Riva del Garda,120.9
2021-04-22,104,Stage 4 - Naturns › Pieve di Bono,168.6
2021-04-21,96,Stage 3 - Imst › Naturns,162.0
2021-04-20,135,Stage 2 - Innsbruck › Feichten im Kaunertal,121.5
2021-04-19,106,Stage 1 - Brixen › Innsbruck,140.6
2021-04-04,73,La Roue Tourangelle Centre Val de Loire - Trophée Harmonie Mutuelle (1.1),204.0
2021-03-28,122,Cholet - Pays de la Loire (1.1),201.8
2021-02-19,DNF,Stage 1 - Biot › Gourdon,186.8
2021-01-24,54,Clàssica Comunitat Valenciana 1969 - Gran Premio Valencia (1.2),96.9
2020-10-12,11,Prueba Villafranca-Ordiziako Klasika (1.1),165.7
2020-10-07,88,De Brabantse Pijl - La Flèche Brabançonne (1.Pro),197.2
2020-09-30,37,La Flèche Wallonne (1.UWT),202.0
2020-09-27,DNF,Paris-Chauny (1.1),203.1
2020-09-22,51,Paris-Camembert (1.1),194.5
2020-09-19,10,Stage 5 - Mersch › Luxembourg,177.0
2020-09-18,16,Stage 4 - Rodange › Differdange,201.0
2020-09-17,16,Stage 3 - Rosport › Schifflange ,159.8
2020-09-16,23,Stage 2 - Remich › Hesperange,40.7
2020-09-15,11,Stage 1 - Luxembourg › Luxembourg,133.5
2020-09-06,4,Tour du Doubs (1.1),200.0
2020-08-25,DNF,Bretagne Classic - Ouest-France (1.UWT),247.75
2020-08-23,DNF,National Championships France - Road Race (NC),237.9
2020-08-19,9,Stage 4 - Blegny › Erezée,198.1
2020-08-18,14,Stage 3 - Montzen › Visé,192.0
2020-08-17,51,Stage 2 - Frasnes-lez-Anvaing › Wavre,172.3
2020-08-16,38,Stage 1 - Soignies › Templeuve,185.8
2020-08-08,27,Stage 5 (ITT) - Aix-les-Bains › Le Revard,22.4
2020-08-07,36,Stage 4 - Aix-les-Bains  › Notre-Dame-du-Pré ,143.3
2020-08-06,79,Stage 3 - Saint-Michel-de-Maurienne › Valmeinier ,37.4
2020-08-06,41,Stage 2 - Moûtiers › Valfréjus ,97.4
2020-08-05,44,Stage 1 - Annemasse › Praz-sur-Arly ,109.0
2020-08-01,DNF,Strade Bianche (1.UWT),184.0
2020-03-01,12,Royal Bernard Drome Classic (1.Pro),203.0
2020-02-23,105,Stage 3 - La Londe › Le Mont Faron,136.0
2020-02-22,44,Stage 2 - Pégomas › Col d'Eze,175.7
2020-02-21,96,Stage 1 - Le Cannet › Grasse,183.0
2020-02-16,29,Trofeo Laigueglia (1.Pro),202.0
2020-02-09,44,Stage 5 (ITT) - Alès › Alès,10.7
2020-02-08,51,Stage 4 -  Le Pont du Gard › Le Mont Bouquet,138.7
2020-02-07,55,Stage 3 - Bessèges  › Bessèges ,158.2
2020-02-06,52,Stage 2 - Milhaud › Poulx,156.1
2020-02-05,37,Stage 1 - Bellegarde › Bellegarde,141.1
2020-02-02,12,Grand Prix Cycliste la Marseillaise (1.1),145.3
2019-10-10,DNF,Gran Piemonte (1.HC),183.0
2019-10-09,72,Milano-Torino (1.HC),179.0
2019-10-06,32,Gran Premio Bruno Beghelli (1.HC),199.3
2019-10-05,DNF,Giro dell'Emilia (1.HC),207.4
2019-09-29,44,Paris-Chauny (1.1),203.7
2019-09-18,DNF,Grand Prix de Wallonie (1.1),205.9
2019-09-15,57,Tour du Doubs (1.1),188.9
2019-09-01,35,Stage 4 - Eisenach › Erfurt,159.5
2019-08-31,28,Stage 3 - Göttingen › Eisenach,189.0
2019-08-30,64,Stage 2 - Marburg › Göttingen,202.0
2019-08-29,36,Stage 1 - Hannover › Halberstadt,167.0
2019-08-24,65,Stage 4 - Confolens › Limoges,177.4
2019-08-23,64,Stage 3 - Chamboulive › Beynat,176.8
2019-08-22,38,Stage 2 - Base départementale de Rouffiac › Trélissac,182.9
2019-08-21,82,Stage 1 - Condat-sur-Vienne › Guéret,172.2
2019-08-18,DNF,La Poly Normande (1.1),168.9
2019-08-05,47,Stage 4 - Guingamp › Rostrenen,171.8
2019-08-04,51,Stage 3 - Ploerdut › Carhaix,181.8
2019-08-03,56,Stage 2 - Calanhel › Plouray,181.1
2019-08-02,4,Stage 1 (TTT) - Ploumagoar › Ploumagoar,12.4
2019-07-12,22,Stage 6 - Kitzbühel › Kitzbüheler Horn,116.7
2019-07-11,67,Stage 5 - Bruck › Kitzbühel,161.9
2019-07-10,83,Stage 4 - Radstadt › Fuscher Törl,103.5
2019-07-09,97,Stage 3 - Kirchschlag › Frohnleiten,176.2
2019-07-08,8,Stage 2 - Zwettl › Wiener Neustadt,176.9
2019-07-07,6,Stage 1 - Grieskirchen › Freistadt,138.8
2019-07-06,50,Prologue - Wels › Wels,2.6
2019-06-30,61,National Championships France - Road Race (NC),252.0
2019-06-23,12,Stage 5 - La Chambre › Saint-François-Longchamp,134.8
2019-06-22,10,Stage 4 - Saint-Martin d'Arc  › Les Karellis,44.7
2019-06-22,9,Stage 3 - Bessans › Saint-Martin-la-Porte,75.0
2019-06-21,33,Stage 2 - Moûtiers › La Norma,120.7
2019-06-20,1,Stage 1 - Aix-les-Bains › Moûtiers,145.3
2019-06-17,15,Mont Ventoux Dénivelé Challenge (1.1),171.0
2019-06-09,36,Stage 3 - Cossé-le-Vivien › Laval,173.0
2019-06-08,13,Stage 2 - La Croixille › Lassay-les-Châteaux,179.0
2019-06-07,50,Stage 1 - Renault Saint-Berthevin › Changé,183.0
2019-06-06,55,Prologue - Laval › Laval ,4.5
2019-06-02,15,Boucles de l'Aulne - Châteaulin (1.1),177.6
2019-06-01,23,Grand Prix de Plumelec-Morbihan (1.1),188.0
2019-05-12,4,Stage 3 - Madrid › Madrid,99.9
2019-05-11,2,Stage 2 - San Martin de Valdeiglesias › San Martin de Valdeiglesias,163.0
2019-05-10,7,Stage 1 - Aranjuez › Aranjuez,161.0
2019-05-01,DNF,Eschborn-Frankfurt (1.UWT),187.5
2019-04-28,96,Liège-Bastogne-Liège (1.UWT),256.0
2019-04-22,4,Tro-Bro Léon (1.1),205.4
2019-04-20,8,Tour du Finistère (1.1),187.5
2019-04-16,4,Paris-Camembert (1.1),182.5
2019-04-12,DNF,Stage 4 - Sillé-le-Guillaume › Sillé-le-Guillaume,183.3
2019-04-11,25,Stage 3 - Abbaye Royale de l’Épau  › Mont des Avaloirs,184.3
2019-04-10,33,Stage 2 - Freigné › Belligné,172.1
2019-04-09,19,Stage 1 - La Châtaigneraie › La Châtaigneraie,180.0
2019-04-05,12,Route Adélie de Vitré (1.1),197.8
2019-03-31,46,Cholet - Pays de la Loire (1.1),203.2
2019-03-30,37,Classic Loire Atlantique (1.1),182.8
2019-03-17,10,Paris-Troyes (1.2),184.0
2019-03-03,DNF,Royal Bernard Drome Classic (1.1),207.8
2019-03-02,45,Faun Environnement - Classic de l'Ardèche Rhône Crussol (1.1),197.5
2019-02-24,26,Stage 3 -  La Londe-les-Maures › Mont Faron (Toulon),136.0
2019-02-23,68,Stage 2 - Le Cannet-des-Maures › Mons,201.4
2019-02-22,108,Stage 1 - Vence › Mandelieu-la-Napoul,154.5
2019-02-17,13,Trofeo Laigueglia (1.HC),203.7
2019-02-10,83,Stage 4 (ITT) - Alès › Alès,10.7
2019-02-09,72,Stage 3 - Bessèges › Bessèges,158.0
2019-02-08,126,Stage 2 - Saint-Geniés-de-Malgoires › La Calmette,157.9
2019-02-07,132,Stage 1 - Bellegarde › Beaucaire,140.0
2019-02-03,17,Grand Prix Cycliste la Marseillaise (1.1),139.8
2018-10-06,38,Tour de Vendée (1.1),206.4
2018-09-09,51,Tour du Doubs (1.1),188.7
2018-09-02,56,GP de Fourmies / La Voix du Nord (1.HC),205.0
2018-08-26,18,Bretagne Classic - Ouest-France (1.UWT),256.9
2018-08-19,42,Stage 4 - Kvalsund › Alta,145.5
2018-08-18,18,Stage 3 - Honningsvåg › Hammerfest,194.0
2018-08-17,29,Stage 2 - Tana › Kjøllefjord,195.0
2018-08-16,27,Stage 1 - Vadsø › Kirkenes,184.0
2018-07-29,118,Stage 21 - Houilles › Paris,116.0
2018-07-28,115,Stage 20 (ITT) - Saint-Pée-sur-Nivelle › Espelette,31.0
2018-07-27,77,Stage 19 - Lourdes  › Laruns,200.5
2018-07-26,106,Stage 18 - Trie-sur-Baïse › Pau,171.0
2018-07-25,93,Stage 17 - Bagnères-de-Luchon › Col Du Portet,65.0
2018-07-24,66,Stage 16 - Carcassonne › Bagnères-de-Luchon,218.0
2018-07-22,100,Stage 15 - Millau › Carcassonne,181.0
2018-07-21,113,Stage 14 - Saint-Paul-Trois-Châteaux › Mende,188.0
2018-07-20,143,Stage 13 - Bourg d'Oisans › Valence,169.5
2018-07-19,150,Stage 12 - Bourg-Saint-Maurice Les Arcs › Alpe d'Huez,175.5
2018-07-18,136,Stage 11 - Albertville › La Rosière Espace San Bernardo,108.5
2018-07-17,151,Stage 10 - Annecy › Le Grand-Bornand,158.5
2018-07-15,133,Stage 9 - Arras Citadelle › Roubaix,156.5
2018-07-14,151,Stage 8 - Dreux › Amiens Métropole,181.0
2018-07-13,108,Stage 7 - Fougères › Chartres,231.0
2018-07-12,65,Stage 6 - Brest › Mûr de Bretagne,181.0
2018-07-11,50,Stage 5 - Lorient › Quimper,204.5
2018-07-10,89,Stage 4 - La Baule › Sarzeau,195.0
2018-07-09,17,Stage 3 (TTT) - Cholet › Cholet,35.5
2018-07-08,67,Stage 2 - Mouilleron-Saint-Germain › La Roche-sur-Yon,182.5
2018-07-07,58,Stage 1 - Noirmoutier-en-l'Île ›  Fontenay-le-Comte,201.0
2018-07-01,DNF,National Championships France - Road Race (NC),253.0
2018-06-10,95,Stage 7 - Moûtiers › Saint-Gervais Mont Blanc (Montée du Bettex),136.0
2018-06-09,42,Stage 6 - Frontenex › La Rosière Espace San Bernardo ,110.0
2018-06-08,78,Stage 5 - Grenoble › Valmorel,130.0
2018-06-07,121,Stage 4 - Chazey-sur-Ain › Lans-en-Vercors ,181.0
2018-06-06,18,Stage 3 (TTT) - Pont-de-Vaux › Louhans-Châteaurenaud,35.0
2018-06-05,10,Stage 2 - Montbrison › Belleville en Beaujolais,181.0
2018-06-04,21,Stage 1 - Valence › Saint-Just-Saint-Rambert ,179.0
2018-06-03,152,Prologue - Valence › Valence,6.6
2018-05-27,7,Boucles de l'Aulne - Chateaulin (1.1),179.5
2018-05-26,8,Grand Prix de Plumelec-Morbihan (1.1),182.0
2018-04-22,92,Liège - Bastogne - Liège (1.UWT),258.5
2018-04-18,102,La Flèche Wallonne (1.UWT),198.5
2018-04-14,22,Tour du Finistère (1.1),191.1
2018-04-10,39,Paris-Camembert (1.1),196.5
2018-04-06,65,Stage 4 - Brûlon › Sablé,183.9
2018-04-05,28,Stage 3 - Abbaye Royale de l'Epau › Pré-en-Pail-Saint-Samson,199.0
2018-04-04,28,Stage 2 - Riaillé › Ancenis,183.7
2018-04-03,30,Stage 1 - Abbaye Royale de l'Epau › Baugé-en-Anjou,193.6
2018-03-30,65,Route Adélie de Vitré (1.1),198.0
2018-03-25,18,Stage 4 (ITT) - Fiorano Modenese › Montegibbio,12.5
2018-03-24,67,Stage 3 - Crevalcore › Crevalcore,171.0
2018-03-23,39,Stage 2 - Riccione › Sogliano al Rubicone,130.0
2018-03-22,32,Stage 1a - Gatteo › Gatteo,97.8
2018-03-22,19,Stage 1b (TTT) - Gatteo a Mare › Gatteo,13.3
2018-02-24,DNF,Faun Environnement - Classic de l'Ardèche Rhône Crussol (1.1),200.2
2018-02-11,9,Stage 3 - Aix en Provence › Marseille,166.7
2018-02-10,18,Stage 2 - La Ciotat › Gémenos/Col de l'Espigoulier,144.5
2018-02-09,11,Stage 1 - Aubagne › Istres,165.9
2018-02-08,80,Prologue - Castellet › Castellet,5.8
2018-01-28,19,Grand Prix Cycliste la Marseillaise (1.1),145.3
2017-10-01,9,Tour de Vendée (1.1),203.8
2017-09-24,34,Stage 2 - Mende › Mende,146.0
2017-09-23,58,Stage 1 - Mende › Col de la Pierre-Plate (Florac) ,138.5
2017-09-16,16,Memorial Marco Pantani (1.1),189.8
2017-09-14,42,Coppa Bernocchi (1.1),194.0
2017-09-13,DNF,Coppa Agostoni - Giro delle Brianze (1.1),199.9
2017-09-10,1,Tour du Doubs (1.1),182.0
2017-08-27,67,Bretagne Classic - Ouest-France (1.UWT),239.7
2017-08-18,58,Stage 4 - Saint-Junien › Limoges,168.9
2017-08-17,92,Stage 3 - Saint-Pantaléon de Larche  › Chaumeil,184.7
2017-08-16,130,Stage 2 - Fursac  › Le Maupuy Les Monts de Guéret,185.8
2017-08-15,42,Stage 1 - Panazol › Rochechouart,168.0
2017-07-23,44,Stage 21 - Montgeron › Paris,105.0
2017-07-22,66,Stage 20 (ITT) - Marseille › Marseille,22.5
2017-07-21,15,Stage 19 - Embrun › Salon-de-Provence,222.5
2017-07-20,26,Stage 18 - Briancon › Izoard,179.5
2017-07-19,51,Stage 17 - La Mure › Serre-Chevalier,183.0
2017-07-18,10,Stage 16 - Le Puy-en-Velay › Romans-sur-Isère,165.0
2017-07-16,19,Stage 15 - Laissac-Sévérac l'Église › Le Puy-en-Velay,189.5
2017-07-15,35,Stage 14 - Blagnac › Rodez,181.5
2017-07-14,34,Stage 13 - Saint-Girons › Foix,101.0
2017-07-13,36,Stage 12 - Pau › Peyragudes,214.5
2017-07-12,101,Stage 11 - Eymet › Pau,203.5
2017-07-11,50,Stage 10 - Périgueux › Bergerac,178.0
2017-07-09,94,Stage 9 - Nantua › Chambéry,181.5
2017-07-08,10,Stage 8 - Dole › Station des Rousses,187.5
2017-07-07,41,Stage 7 - Troyes › Nuits-Saint-Georges,213.5
2017-07-06,74,Stage 6 - Vesoul › Troyes,216.0
2017-07-05,46,Stage 5 - Vittel › La Planche des Belles Filles,160.5
2017-07-04,163,Stage 4 - Mondorf-les-Bains › Vittel,207.5
2017-07-03,108,Stage 3 - Verviers › Longwy,212.5
2017-07-02,110,Stage 2 - Düsseldorf › Liège,203.5
2017-07-01,173,Stage 1 (ITT) - Düsseldorf › Düsseldorf,14.0
2017-06-25,63,National Championships France - Road Race (NC),248.0
2017-06-18,DNF,Stage 5 - Moûtiers  › Moûtiers ,99.1
2017-06-17,29,Stage 4 (ITT) - Saint Martin d'Arc  › Valmeinier,11.9
2017-06-17,2,Stage 3 - Magland  › Saint Michel de Maurienne,126.0
2017-06-16,19,Stage 2 - Val Cenis  › Cluses ,188.0
2017-06-15,8,Stage 1 - La Léchère  › Aussois ,145.0
2017-06-04,DNF,Stage 3 - Saint Cyr-le-Gravelais › Laval,180.0
2017-06-03,60,Stage 2 - Chantrigné › Hambers,179.0
2017-06-02,99,Stage 1 - Renault Saint-Berthevin › Ernée,187.0
2017-06-01,98,Prologue - Laval › Laval,4.5
2017-04-19,DNF,La Flèche Wallonne (1.UWT),200.5
2017-04-15,6,Tour du Finistère (1.1),194.8
2017-04-11,29,Paris-Camembert (1.1),200.0
2017-04-07,28,Stage 5 - Abbaye de l'Epau › Saint-Calais ,186.8
2017-04-06,38,Stage 4 - Angers › Pré en Pail Saint Samson,190.3
2017-04-05,40,Stage 3 (ITT) - Angers › Angers,6.8
2017-04-05,59,Stage 2 - Ligné › Angers,99.8
2017-04-04,9,Stage 1 - Pouzauges › Pouzauges,173.2
2017-03-31,16,Route Adélie de Vitré (1.1),197.8
2017-03-26,28,Stage 4 - Fiorano modenese › Sassuolo,160.0
2017-03-25,55,Stage 3 - Crevalcore › Crevalcore,171.4
2017-03-24,44,Stage 2 - Riccione › Sogliano sul Rubicone,130.0
2017-03-23,119,Stage 1a - Gatteo › Gatteo,97.8
2017-03-23,12,Stage 1b (TTT) - Gatteo a mare › Gatteo,13.3
2017-03-12,35,Stage 8 - Nice › Nice,115.5
2017-03-11,35,Stage 7 - Nice › Col de la Couillole,177.0
2017-03-10,47,Stage 6 - Aubagne › Fayence,193.5
2017-03-09,32,Stage 5 - Quincié-en-Beaujolais › Bourg-de-Péage,199.5
2017-03-08,49,Stage 4 (ITT) - Beaujeu › Mont Brouilly,14.5
2017-03-07,35,Stage 3 - Chablis › Chalon-sur-Saône,190.0
2017-03-06,13,Stage 2 - Rochefort-en-Yvelines › Amilly,195.0
2017-03-05,5,Stage 1 - Bois-d'Arcy › Bois-d'Arcy,148.5
2017-02-26,7,Royal Bernard Drome Classic (1.1),209.0
2017-02-25,71,Classic Sud Ardèche - Souvenir Francis Delpech (1.1),209.0
2017-02-19,6,Stage 2 - Draguignan › Draguignan,206.8
2017-02-18,6,Stage 1 - Le Cannet-des-Maures › Saint-Paul-en-Forêt,153.7
2017-02-12,2,Trofeo Laigueglia (1.HC),192.5
2017-02-05,66,Stage 5 (ITT) - Alès › Alès,11.9
2017-02-04,15,Stage 4 - Chusclan › Laudun,152.9
2017-02-03,7,Stage 3 - Bessèges › Bessèges,152.6
2017-02-02,11,Stage 2 - Nîmes › Rodilhan,152.7
2017-02-01,105,Stage 1 - Bellegarde  › Beaucaire,158.4
2017-01-29,15,Grand Prix Cycliste la Marseillaise (1.1),146.0
2016-10-01,58,Il Lombardia (1.UWT),240.0
2016-09-29,11,Giro del Piemonte (1.HC),207.0
2016-09-25,100,Gran Premio Bruno Beghelli (1.HC),196.3
2016-09-24,26,Giro dell'Emilia (1.HC),213.0
2016-09-11,7,Stage 21 - Las Rozas  › Madrid,104.1
2016-09-10,87,Stage 20 - Benidorm › Alto de Aitana. Escuadrón Ejército del Aire,193.2
2016-09-09,119,Stage 19 (ITT) - Xàbia › Calp,37.0
2016-09-08,15,Stage 18 - Requena › Gandía,200.6
2016-09-07,48,Stage 17 - Castellón › Llucena. Camins del Penygolosa,177.5
2016-09-05,42,Stage 16 - Alcañiz  › Peñíscola,156.4
2016-09-04,29,Stage 15 - Sabiñánigo › Sallent de Gállego. Aramón Formigal,118.5
2016-09-03,17,Stage 14 - Urdax-Dantxarinea  › Aubisque,196.0
2016-09-02,53,Stage 13 - Bilbao › Urdax-Dantxarinea,213.4
2016-09-01,132,Stage 12 - Los Corrales de Buelna › Bilbao,193.2
2016-08-31,15,Stage 11 - Colunga. Museo Jurásico › Peña Cabarga,168.6
2016-08-29,37,Stage 10 - Lugones › Lagos de Covadonga,188.7
2016-08-28,34,Stage 9 - Cistierna  › Oviedo. Alto del Naranco,164.5
2016-08-27,28,Stage 8 - Villalpando › La Camperona. Valle de Sabero,181.5
2016-08-26,9,Stage 7 - Maceda › Puebla de Sanabria ,158.5
2016-08-25,9,Stage 6 - Monforte de Lemos › Luintra. Ribera Sacra ,163.2
2016-08-24,7,Stage 5 - Viveiro › Lugo,171.3
2016-08-23,53,Stage 4 - Betanzos  › San Andrés de Teixido (Mirador Vixía de Herbeira),163.5
2016-08-22,25,Stage 3 - Marín  › Dumbría. Mirador de Ézaro,176.4
2016-08-21,68,Stage 2 - Ourense  › Baiona,160.8
2016-08-20,17,Stage 1 (TTT) - Balneario Laias › Parque Náutico de Castrelo de Miño,27.8
2016-08-13,9,Stage 4 - Lagnieu › Belley,132.2
2016-08-12,9,Stage 3 - Nantua › Lelex Monts-Jura,141.4
2016-08-11,18,Stage 2 - Saint-Didier-sur-Chalaronne › Montreal-la Cluse,173.2
2016-08-10,7,Stage 1 - Montrevel-en-Bresse › Saint-Vulbas,149.6
2016-07-31,51,La Poly Normande (1.1),168.9
2016-07-09,35,Stage 7 - Bad Tatzmannsdorf  › Wien,178.8
2016-07-08,106,Stage 6 - Graz › Stegersbach,195.9
2016-07-07,56,Stage 5 - Millstatt › Dobratsch,147.3
2016-07-06,66,Stage 4 - Rottenmann › Edelweißspitze,182.2
2016-07-05,26,Stage 3 - Stift Ardagger › Sonntagberg,181.1
2016-07-04,30,Stage 2 - Mondsee › Steyr,205.5
2016-07-03,30,Stage 1 - Innsbruck › Salzburg,178.2
2016-07-02,79,Prologue - Kitzbüheler Horn › Kitzbüheler Horn,0.6
2016-06-19,5,Stage 5 - Gers  › Astarac Arros en Gascogne,154.8
2016-06-18,38,Stage 4 - Saint-Gaudens › Val d'Azur Couraduque,184.9
2016-06-17,75,Stage 3 (ITT) - Albi › Albi,13.4
2016-06-17,106,Stage 2 - Saint-Pierre-de-Trivisy › Albi,92.4
2016-06-16,9,Stage 1 - Saint-Pons-de-Thomières › Bessieres,196.0
2016-06-05,47,Stage 4 - Mersch › Luxembourg,178.2
2016-06-04,76,Stage 3 - Eschweiler (Wiltz) › Differdange,177.4
2016-06-03,4,Stage 2 - Rosport › Schifflange,162.8
2016-06-02,41,Stage 1 - Luxembourg › Hesperange,170.6
2016-06-01,60,Prologue - Luxembourg › Luxembourg,2.8
2016-05-29,9,Boucles de l'Aulne - Chateaulin (1.1),169.8
2016-05-28,65,Grand Prix de Plumelec-Morbihan (1.1),182.0
2016-05-01,32,Stage 3 - Middlesbrough  › Scarborough,198.0
2016-04-30,94,Stage 2 - Otley  › Doncaster,135.5
2016-04-29,73,Stage 1 - Beverley › Settle,184.0
2016-04-20,81,La Flèche Wallonne (1.UWT),196.0
2016-04-16,54,Tour du Finistère (1.1),192.9
2016-04-13,30,De Brabantse Pijl - La Flèche Brabançonne (1.HC),203.0
2016-04-08,51,Stage 4 - Abbaye de l/Epau › Arnage,176.0
2016-04-07,3,Stage 3 - Angers  › Pré-en-Pail ,190.3
2016-04-06,54,Stage 2a - Saint-Mars-la-Jaille › Angers ,85.1
2016-04-06,46,Stage 2b (ITT) - Angers  › Angers ,6.8
2016-04-05,18,Stage 1 - Château-du-Loir  › Château-du-Loir ,182.8
2016-04-03,50,Paris-Camembert (1.1),205.0
2016-04-01,62,Route Adélie de Vitré (1.1),197.8
2016-03-27,DNF,Stage 7 - Barcelona › Barcelona,136.4
2016-03-26,140,Stage 6 - Sant Joan Despi › Vilanova i la Geltru,197.2
2016-03-25,124,Stage 5 - Rialp › Valls,187.2
2016-03-24,147,Stage 4 - Bagà › Port Ainé,172.2
2016-03-23,157,Stage 3 - Girona › La Molina,172.1
2016-03-22,168,Stage 2 - Mataró › Olot,178.7
2016-03-21,95,Stage 1 - Calella › Calella,175.8
2016-02-28,49,Royal Bernard Drôme Classic (1.1),203.8
2016-02-27,DNF,Classic Sud Ardèche - Souvenir Francis Delpech (1.1),182.7
2016-02-21,100,Stage 2 - Draguignan  › Draguignan ,206.8
2016-02-20,43,Stage 1 - Le Cannet des Maures › Bagnols en Forêt ,155.0
2016-02-13,66,Vuelta Ciclista a la Region de Murcia 'Costa Calida' (1.1),199.3
2016-02-07,57,Stage 5 (ITT) - Alès › Alès,12.0
2016-02-06,22,Stage 4 - Tavel › Laudun,148.0
2016-02-05,6,Stage 3 - Bessèges › Bessèges,152.0
2016-02-04,95,Stage 2 - Nîmes › Mejannes Le Clap,153.0
2016-02-03,69,Stage 1 - Bellegarde › Beaucaire,156.0
2016-01-31,91,Grand Prix Cycliste la Marseillaise (1.1),152.2
2015-09-02,DNF,Stage 11 - Andorra la Vella › Cortals d'Encamp,138.0
2015-08-31,163,Stage 10 - Valencia › Castellón  ,146.6
2015-08-30,32,Stage 9 - Torrevieja › Cumbre del Sol. Benitachell,168.3
2015-08-29,91,Stage 8 - Puebla de Don Fadrique › Murcia,182.5
2015-08-28,71,Stage 7 - Jódar › La Alpujarra (Capileira),191.1
2015-08-27,74,Stage 6 - Córdoba › Sierra de Cazorla,200.3
2015-08-26,122,Stage 5 - Rota › Alcalá de Guadaíra,167.3
2015-08-25,11,Stage 4 - Estepona › Vejer de la Frontera,209.6
2015-08-24,88,Stage 3 - Mijas › Málaga,158.4
2015-08-23,181,Stage 2 - Alhaurín de la Torre › Caminito del Rey,158.7
2015-08-22,10,Stage 1 (TTT) - Puerto Banús › Marbella,7.4
2015-08-15,24,Stage 4 - Nantua › Lelex-Mont Jura,141.0
2015-08-14,63,Stage 3 - Lagnieu › Bellignat,144.2
2015-08-13,94,Stage 2 - Feillens › Pont-de-Vaux,158.1
2015-08-12,93,Stage 1 - La Plaine Tonique à Montrevel-en-Bresse › Sain-Vulbas,153.0
2015-08-11,74,Prologue - Bourg-en-Bresse › Bourg-en-Bresse,3.8
2015-08-01,81,Clasica Ciclista San Sebastian (1.UWT),219.0
2015-07-25,32,Prueba Villafranca-Ordiziako Klasika (1.1),170.0
2015-07-12,5,Stage 8 - Innsbruck › Bregenz,184.3
2015-07-11,98,Stage 7 - Kitzbühel › Innsbruck,124.7
2015-07-10,32,Stage 6 - Lienz › Kitzbüheler Horn,164.7
2015-07-09,63,Stage 5 - Faaker See/Drobollach › Matrei in Osttirol,175.0
2015-07-08,36,Stage 4 - Stift Rein/Gratwein › Drobatsch,210.2
2015-07-07,5,Stage 3 - Windischgarsten › Judendorf/Straßengel,181.1
2015-07-06,14,Stage 2 - Litschau › Grieskirchen,196.2
2015-07-05,20,Stage 1 - Mörbisch › Scheibbs,206.6
2015-07-04,4,Prologue - Wien › Wien,5.4
2015-06-28,DNF,National Championships France - Road Race (NC),247.4
2015-06-21,95,Stage 4 - Revel › Gaillac,166.0
2015-06-20,78,Stage 3 - Izaourt › Bagnères-de-Luchon,181.0
2015-06-19,4,Stage 2 - Auch › Saint-Gaudens,141.0
2015-06-18,2,Stage 1 - Lourdes › Auch,204.0
2015-06-07,DNF,Stage 4 - Mersch › Luxembourg,156.0
2015-06-06,46,Stage 3 - Eschweiler › Diekirch,161.3
2015-06-05,44,Stage 2 - Ell › Walferdange,186.3
2015-06-04,85,Stage 1 - Luxembourg › Küntzig,212.6
2015-06-03,42,Prologue - Luxembourg › Luxembourg,2.67
2015-05-30,41,Grand Prix de Plumelec-Morbihan (1.1),182.0
2015-05-03,34,Stage 3 - Wakefield › Leeds,167.0
2015-05-02,71,Stage 2 - Selby › York,174.0
2015-05-01,51,Stage 1 - Bridlington › Scarborough,174.0
2015-04-26,DNF,Liège - Bastogne - Liège (1.UWT),253.0
2015-04-22,DNF,La Flèche Wallonne (1.UWT),205.5
2015-04-15,DNF,De Brabantse Pijl - La Flèche Brabançonne (1.HC),205.4
2015-04-11,35,Stage 6 (ITT) - Aia › Aia,18.3
2015-04-10,23,Stage 5 - Eibar › Aia,155.5
2015-04-09,33,Stage 4 - Zumarraga › Arrate (Eibar),162.2
2015-04-08,118,Stage 3 - Vitoria-Gasteiz › Zumarraga,170.7
2015-04-07,17,Stage 2 - Bilbao › Vitoria-Gasteiz,175.4
2015-04-06,30,Stage 1 - Bilbao › Bilbao,162.7
2015-03-29,5,Stage 7 - Barcelona › Barcelona,126.6
2015-03-28,51,Stage 6 - Cervera › Port Aventura,194.1
2015-03-27,140,Stage 5 - Alp › Valls,195.4
2015-03-26,116,Stage 4 - Tona › La Molina,188.4
2015-03-25,94,Stage 3 - Girona › Girona,156.6
2015-03-24,61,Stage 2 - Mataró › Olot,191.8
2015-03-23,95,Stage 1 - Calella › Calella,185.2
2015-03-01,36,La Drome Classic (1.1),201.0
2015-02-28,86,Classic Sud Ardèche - Souvenir Francis Delpech (1.1),198.0
2015-02-22,90,Stage 5 - Montilla › Alhaurín de la Torre,170.9
2015-02-21,47,Stage 4 - Maracena › Alto de Allanadas,202.4
2015-02-20,99,Stage 3 - Motril › Alto de Hazallanas,159.8
2015-02-19,67,Stage 2 - Utrera › Lucena,194.7
2015-02-18,23,Stage 1a - La Rábida › Hinojos,118.3
2015-02-18,99,Stage 1b (ITT) - Coria del Río › Coria del Río,8.2
2015-02-15,52,Clasica de Almeria (1.1),183.3
2015-02-14,63,Vuelta Ciclista a Murcia (1.1),198.1
2015-02-01,82,Trofeo Playa de Palma-Palma (1.1),168.2
2015-01-31,OTL,Trofeo Serra de Tramuntana (1.1),165.7
2015-01-30,92,Trofeo Andratx-Mirador d\'Es Colomer (1.1),165.7
2014-10-12,108,Paris - Tours Elite (1.HC),237.5
2014-10-09,34,Paris-Bourges (1.1),190.3
2014-10-05,74,Tour de Vendée (1.1),204.3
2014-09-28,3,Stage 2 - Mende › Mende,146.0
2014-09-27,8,Stage 1 - Badaroux › Chanac,145.0
2014-09-14,129,Stage 21 (ITT) - Santiago de Compostela › Santiago de Compostela,9.7
2014-09-13,35,Stage 20 - Santa Estevo de Ribas do Sil › Puerto de Ancares,185.7
2014-09-12,9,Stage 19 - Salvaterra de Miño › Cangas de Morrazo,180.5
2014-09-11,101,Stage 18 - A Estrada › Monte Castrove en Meis,157.0
2014-09-10,71,Stage 17 - Ortigueira › A Coruña,190.7
2014-09-08,71,Stage 16 - San Martín del Rey Aurelio › Lagos de Somiedo (La Farrapona),160.5
2014-09-07,115,Stage 15 - Oviedo › Lagos de Covadonga,152.2
2014-09-06,84,Stage 14 - Santander › La Camperona,200.8
2014-09-05,154,Stage 13 - Belorado › Obregón (Parque de Cabárceno),188.7
2014-09-04,155,Stage 12 - Logroño › Logroño,166.4
2014-09-03,65,Stage 11 - Pamplona › Santuario de San Miguel de Aralar,153.4
2014-09-02,146,Stage 10 (ITT) - Real Monasterio de Santa María de Veruela › Borja,36.7
2014-08-31,117,Stage 9 - Carboneras de Guadazaón › Aramón Valdelinares,185.0
2014-08-30,66,Stage 8 - Baeza › Albacete,207.0
2014-08-29,80,Stage 7 - Alhendín › Alcaudete,169.0
2014-08-28,57,Stage 6 - Benalmádena › La Zubia (Cumbres Verdes),167.1
2014-08-27,14,Stage 5 - Priego de Córdoba › Ronda,180.0
2014-08-26,81,Stage 4 - Mairena del Alcor (Sevilla) › Córdoba,164.7
2014-08-25,134,Stage 3 - Cádiz › Arcos de la Frontera,197.8
2014-08-24,121,Stage 2 - Algeciras › San Fernando,174.4
2014-08-23,21,Stage 1 (TTT) - Jerez de la Frontera › Jerez de la Frontera,12.6
2014-08-16,9,Stage 4 - Nantua › Arbent,134.8
2014-08-15,54,Stage 3 - Lagnieu › Lelex-Mont Jura,142.8
2014-08-14,9,Stage 2 - Bourg-en-Bresse › Saint-Vulbas,158.1
2014-08-13,77,Stage 1 - Lac de Chalain › Montrevel-en-Bresse,150.2
2014-08-12,49,Prologue - Saint-Amour › Saint-Amour,4.6
2014-08-03,6,La Poly Normande (1.1),157.0
2014-07-30,53,Stage 5 - Malmedy › Ans,180.6
2014-07-29,60,Stage 4 - Herve › Waremme,174.9
2014-07-28,62,Stage 3 - Somme-Leuze › Neufchâteau,174.1
2014-07-27,92,Stage 2 - Péronnes-lez-Antoing › Perwez,193.1
2014-07-26,103,Stage 1 - Frasnes-Lez-Anvaing › Tournai,147.9
2014-06-29,34,National Championships France - Road Race (NC),251.7
2014-06-22,58,Stage 3 - Saint-Gaudens › Castres,179.4
2014-06-21,24,Stage 2 - Bagnères de Bigorre › Val Louron,178.6
2014-06-20,5,Stage 1 - Lectoure › Payolle / Campan,171.7
2014-06-08,13,Stage 4 - Mersch › Luxembourg,168.2
2014-06-07,26,Stage 3 - Eschweiler › Differdange,205.8
2014-06-06,5,Stage 2 - Rosport › Schifflange,157.4
2014-06-05,18,Stage 1 - Luxembourg › Hesperange,172.6
2014-06-04,18,Prologue - Luxembourg › Luxembourg,2.55
2014-06-01,6,Boucles de l'Aulne - Châteaulin (1.1),168.0
2014-05-31,29,Grand Prix de Plumelec-Morbihan (1.1),182.0
2014-05-18,75,Stage 3 - Cap’Aisne-Chamouille › Bray-sur-Somme,170.5
2014-05-17,78,Stage 2 - Mouy › Craonne,176.5
2014-05-16,37,Stage 1 - Fort-Mahon › Estrées-Saint-Denis,191.0
2014-05-04,27,Stage 8 - Istanbul › Istanbul,121.0
2014-05-03,23,Stage 7 - Kusadasi › Izmir,136.3
2014-05-02,7,Stage 6 - Bodrum › Selcuk,183.1
2014-05-01,43,Stage 5 - Marmaris › Turgutreis,177.3
2014-04-30,15,Stage 4 - Fethiye › Marmaris,125.0
2014-04-29,3,Stage 3 - Finike › Elmali,184.7
2014-04-28,63,Stage 2 - Alanya › Kemer,174.6
2014-04-27,35,Stage 1 - Alanya › Alanya,141.6
2014-04-19,29,Tour du Finistère (1.1),185.4
2014-04-15,4,Paris-Camembert (1.1),210.0
2014-04-04,84,Route Adélie de Vitré (1.1),197.8
2014-03-30,33,Stage 7 - Barcelona (Montjuïc) › Barcelona (Montjuïc),120.7
2014-03-29,57,Stage 6 - El Vendrell › Vilanova i la Geltrú,163.9
2014-03-28,11,Stage 5 - Llanars–Vall de Camprodon › Valls,222.2
2014-03-27,95,Stage 4 - Alp › Vallter 2000-Setcases,166.4
2014-03-26,127,Stage 3 - Banyoles › La Molina (Alp),162.9
2014-03-25,11,Stage 2 - Mataró › Girona,171.2
2014-03-24,58,Stage 1 - Calella › Calella,165.7
2014-03-16,10,Paris-Troyes (1.2),174.2
2014-03-09,22,Grand Prix de la Ville de Lillers Souvenir Bruno Comini (1.2),169.2
2014-03-02,66,Clasica de Almeria (1.1),178.0
2014-03-01,89,Vuelta Ciclista a Murcia (1.1),190.1
2014-02-23,DNF,Stage 2 - Draguignan › Draguignan,203.4
2014-02-22,74,Stage 1 - Le Cannet des Maures › La Croix Valmer,149.1
2014-02-16,44,Stage 5 - Bandol › Toulon Mont-Faron,192.7
2014-02-15,134,Stage 4 (ITT) - Saint Rémy de Provence › Saint Rémy de Provence,18.2
2014-02-15,93,Stage 3 - Lambesc › Saint Rémy de Provence,61.5
2014-02-14,127,Stage 2 - Cadolive › Rousset,170.6
2014-02-13,123,Stage 1 - Argelès-sur-Mer › Montagnac,223.5
2014-02-02,73,Grand Prix Cycliste la Marseillaise (1.1),139.7
2013-10-13,11,Paris - Tours (1.HC),235.0
2013-10-10,79,Paris-Bourges (1.1),190.3
2013-10-06,15,Tour de Vendée (1.HC),202.6
2013-09-29,DNF,Stage 2 - Mende › Mende,151.2
2013-09-28,41,Stage 1 - Chanac › Mont Aigoual,157.0
2013-09-22,59,Grand Prix d'Isbergues - Pas de Calais (1.1),200.7
2013-09-18,51,Grand Prix de Wallonie (1.1),203.1
2013-09-15,27,Tour du Doubs - Conseil Général (1.1),190.0
2013-09-08,DNF,GP de Fourmies / La Voix du Nord (1.HC),205.0
2013-09-01,31,GP Ouest France - Plouay (WT),248.3
2013-08-25,33,Châteauroux Classic de l'Indre Trophée Fenioux (1.1),200.4
2013-08-23,26,Stage 4 - Bourganeuf › Limoges,178.8
2013-08-22,7,Stage 3 - Ussac › Chamboulive,182.9
2013-08-21,36,Stage 2 - Rochechouart › Ambazac,185.7
2013-08-20,33,Stage 1 - Limoges › Rochechouart,168.0
2013-08-11,92,Stage 5 - Comunero de Revenga › Lagunas de Neila,170.0
2013-08-10,118,Stage 4 - Doña Santos Burpellet › Santo Domingo De Silos,162.0
2013-08-09,86,Stage 3 - Cuatro Villas (Villadiego) › Complejo Karstico de Ojo Guareña,175.0
2013-08-08,29,Stage 2 - Roa de Duero › Ciudad Romana de Clunia,157.0
2013-08-07,19,Stage 1 - Burgos › Burgos,139.0
2013-07-31,48,Circuito de Getxo 'Memorial Ricardo Otxoa' (1.1),170.0
2013-07-25,52,Prueba Villafranca-Ordiziako Klasika (1.1),165.7
2013-06-23,DNF,National Championships France - Road Race (NC),246.6
2013-06-16,32,Stage 4 - Saint-Gaudens › L'Isle Jourdrain,149.2
2013-06-15,58,Stage 3 - Izaourt › Bagnères-de-Luchon,175.3
2013-06-14,39,Stage 2 - Villecomtal-sur-Arros › Villecomtal-sur-Arros,182.8
2013-06-13,93,Stage 1 - Castres › Mirande,209.0
2013-05-25,DNF,Grand Prix de Plumelec-Morbihan (1.1),182.0
2013-05-12,104,Stage 3 - Nanteuil-le-Haudouin › Soissons,171.0
2013-05-11,109,Stage 2 - Oisemont › Bailleul-sur-Thérain,171.0
2013-05-10,84,Stage 1 - Guise › Flixecourt,190.0
2013-05-05,DNF,Stage 5 - Estaires › Dunkerque,165.2
2013-05-04,92,Stage 4 - Louvre Lens › Parc Départemental d'Ohlain,181.6
2013-05-03,47,Stage 3 - Oignies › Lievin,179.1
2013-05-02,91,Stage 2 - Lewarde › Douchy les Mines,178.2
2013-05-01,67,Stage 1 - Dunkerque › Courrieres,155.5
2013-04-21,20,La Roue Tourangelle Région Centre - Classic Loire Touraine Vignobles & Chateaux (1.1),195.0
2013-04-13,DNF,Tour du Finistère (1.1),185.4
2013-04-11,31,GP de Denain Porte du Hainaut (1.1),199.0
2013-04-09,DNF,Paris-Camembert (1.1),206.5
2013-03-31,93,Val d'Ille Classic - Souvenir Julien Ditlecadet (1.1),190.5
2013-03-29,DNF,Route Adélie de Vitré (1.1),197.8
2013-03-24,OTL,Stage 3 - Porto-Vecchio › Col de l’Ospedale,176.0
2013-03-23,112,Stage 2 (ITT) - Porto-Vecchio › Porto-Vecchio,7.0
2013-03-23,85,Stage 1 - Porto-Vecchio › Porto-Vecchio,89.0
2013-03-17,DNF,Cholet-Pays de Loire (1.1),206.0
2013-03-16,DNF,Classic Loire Atlantique (1.1),184.8
2013-03-03,30,Grand Prix de la Ville de Lillers Souvenir Bruno Comini (1.2),174.2
2013-02-24,DNF,Classic Sud Ardèche - Souvenir Francis Delpech (1.1),197.8
2013-02-06,DNF,Trofeo Alcúdia-Can Picafort-Playa de Muro (1.1),169.8
2013-02-05,DNF,"Trofeo Serra de Tramuntana, Deià-Lluc (1.1)",152.9
2013-02-04,115,Trofeo Migjorn (1.1),167.0
2013-02-03,OTL,Trofeo Palma (1.1),116.0
2012-06-17,DNS,Stage 4 - Saint Gaudens › Saint Gaudens,139.5
2012-06-16,84,Stage 3 - Trie sur Baise › Arras en Lavedan,204.6
2012-06-15,33,Stage 2 - Castres › Saint Michel,197.1
2012-06-14,72,Stage 1 - Lacaune les Bains › Albi,188.4
2012-05-27,38,Boucles de l'Aulne - Châteaulin (1.1),168.0
2012-05-26,12,Grand Prix de Plumelec-Morbihan (1.1),181.0
2012-05-13,6,Stage 4 - Charvieu-Chavagneux › Charvieu-Chavagneux,154.0
2012-05-12,9,Stage 3 - Saint-Maurice l'Exil › Saint-Maurice l'Exil,166.0
2012-05-11,27,Stage 2 - Vaulx-Milieu › Montanay,181.0
2012-05-10,2,Stage 1 - Domarin › Ruy,141.0
2012-04-29,61,Stage 8 - Istanbul › Istanbul,120.4
2012-04-28,134,Stage 7 - Kusadasi › Izmir,123.8
2012-04-27,35,Stage 6 - Bodrum › Kusadasi,179.0
2012-04-26,109,Stage 5 - Marmaris › Turgutreis,177.8
2012-04-25,124,Stage 4 - Fethiye › Marmaris,131.7
2012-04-24,123,Stage 3 - Antalya › Elmali,151.8
2012-04-23,22,Stage 2 - Alanya › Antalya,153.3
2012-04-22,27,Stage 1 - Alanya › Alanya,135.2
2012-04-14,12,Tour du Finistère (1.1),186.1
2012-04-10,40,Paris-Camembert (1.1),206.5
2012-04-06,44,Stage 5 - Abbaye de l’Epau › Sablé-sur-Sarthe,166.6
2012-04-05,11,Stage 4 - Angers › Pré-en-Pail,181.1
2012-04-04,56,Stage 3 (ITT) - Angers › Angers,6.8
2012-04-04,8,Stage 2 - Riaillé › Angers,96.0
2012-04-03,104,Stage 1 - Saint-Gilles-Croix-de-Vie  › Riaillé,192.8
2012-03-30,DNF,Route Adélie de Vitré (1.1),197.8
2012-03-25,42,Stage 3 - Porto-Vecchio › Col de l'Ospedale,179.0
2012-03-25,56,Stage 2 (ITT) - Porto-Vecchio › Porto-Vecchio,6.5
2012-03-24,8,Stage 1 - Porto-Vecchio › Porto-Vecchio,89.5
2012-03-18,15,Cholet-Pays de Loire (1.1),199.0
2012-03-17,12,Classic Loire Atlantique (1.1),184.8
2012-03-04,4,Grand Prix de la Ville de Lillers Souvenir Bruno Comini (1.2),171.0
2012-02-26,DNF,Les Boucles du Sud Ardèche - Souvenir F. Delpech (1.1),199.7
2012-02-19,10,Stage 2 - Fréjus › Fayence,205.4
2012-02-18,1,Stage 1 - Draguignan › La Croix-valmer,189.2
2012-02-12,8,Stage 4 - La Ciotat › Col de Gardes,77.0
2012-02-11,17,Stage 3 - La Seyne-sur-Mer  › La Londe-les-Maures,99.0
2012-02-10,16,Stage 2 - Salon-de-Provence  › Martigues,135.0
2012-02-09,10,Stage 1 - Pertuis › Meyreuil,132.0
2012-01-29,6,Grand Prix Cycliste La Marseillaise (1.1),148.1
2011-10-02,OTL,Tour de Vendée (1.HC),205.0
2011-09-25,4,Stage 2 - Mende › Mende,162.0
2011-09-24,12,Stage 1 - La Grand-Combe › Langogne,149.0
2011-09-18,29,Grand Prix d'Isbergues - Pas de Calais (1.1),204.0
2011-09-14,112,Grand Prix de Wallonie (1.1),203.1
2011-09-04,2,Tour du Doubs - Conseil General (1.1),194.5
2011-08-28,25,GP Ouest France - Plouay (WT),248.3
2011-08-17,DNF,Stage 2 - St Hilaire Peyroux › Allassac,184.0
2011-08-16,4,Stage 1 - Limoges › Guéret,165.0
2011-08-13,55,Stage 5 - Belley › Le Grand Colombier,134.8
2011-08-12,51,Stage 4 - Nantua › Lélex,129.1
2011-08-11,9,Stage 3 - Le Parc des Oiseaux › Bellignat,153.6
2011-08-10,2,Stage 2 - Meximieux › Saint-Vulbas,139.6
2011-08-09,81,Prologue - Bourg-en-Bresse › Bourg-en-Bresse,3.7
2011-07-31,9,Stage 5 - Ribeauvillé › Ballon d'Alsace,156.4
2011-07-30,8,Stage 4 - Illzach › Mulhouse,169.9
2011-07-29,8,Stage 3 - Colmar › Carspach,146.0
2011-07-28,13,Stage 2 - Strasbourg › Bischoffsheim,153.8
2011-07-27,11,Stage 1 - Bâle › Huningue,142.7
2011-06-19,89,Stage 4 - Izaourt › Pau,143.0
2011-06-18,91,Stage 3 - Pierrefitte-Nestalas › Bagnères-de-Luchon,197.0
2011-06-17,34,Stage 2 - ST Gaudens › Cauterets,177.0
2011-06-16,3,Stage 1 - Castres › Samatan,203.0
2011-06-12,65,Val d\'Ille U Classic 35 - Souvenir Julien (1.2),185.8
2011-05-29,25,Boucles de l'Aulne - Châteaulin (1.1),168.0
2011-05-28,46,Grand Prix de Plumelec-Morbihan (1.1),181.0
2011-05-22,5,Stage 5 - Metz › Hayange,149.5
2011-05-21,21,Stage 4 - Baccarat › Rehlingen,175.5
2011-05-20,89,Stage 3 - Château-Salins › Saint-Dié-des-Vosges,206.0
2011-05-19,19,Stage 2 - Briey › Commercy,168.0
2011-05-18,31,Stage 1 - Amneville › Longwy,166.0
2011-05-01,70,Stage 7 - Hémonstoir › Loudéac,151.9
2011-04-30,15,Stage 6 - Morlaix › Plaintel,155.0
2011-04-29,9,Stage 5 - Fouesnant › Morlaix,175.1
2011-04-28,30,Stage 4 - Saint-Avé › Fouesnant,158.0
2011-04-27,17,Stage 3 - Guérande › Saint-Avé,151.0
2011-04-26,18,Stage 2 - Rennes › Guérande,193.1
2011-04-25,18,Stage 1 - Argentré-du-Plessis › Argentré-du-Plessis,150.3
2011-04-16,8,Tour du Finistère (1.1),186.1
2011-04-12,2,Paris-Camembert (1.1),206.5
2011-04-08,DNF,Stage 5 - Abbaye de l'Epau › Bonnétable,166.7
2011-04-07,14,Stage 4 - Angers › Pré-en-Pail,181.1
2011-04-06,72,Stage 3 (ITT) - Angers › Angers,6.8
2011-04-06,19,Stage 2 - Saint-Mars-de-la-Jaille › Angers,99.8
2011-04-05,16,Stage 1 - Château d'Olonne › Saint-Mars-la-Jaille,191.0
2011-04-01,42,Route Adélie de Vitré (1.1),197.8
2011-03-27,94,Stage 3 (ITT) - Porto-Vecchio › Porto-Vecchio,7.0
2011-03-27,102,Stage 2 - Porto-Vecchio › Porto-Vecchio,75.0
2011-03-26,21,Stage 1 - Porto-Vecchio › Col de l’Ospedale,198.0
2011-03-20,10,Cholet-Pays de Loire (1.1),197.0
2011-03-13,DNF,Stage 8 - Nice › Nice,124.0
2011-03-12,15,Stage 7 - Brignoles › Biot - Sophia Antipolis,215.5
2011-03-11,152,Stage 6 (ITT) - Rognes › Aix-en-Provence,27.0
2011-03-10,110,Stage 5 - Saint-Symphorien-sur-Coise › Vernoux-en-Vivarais,194.0
2011-03-09,136,Stage 4 - Crêches-sur-Saône › Belleville,191.0
2011-03-08,119,Stage 3 - Cosne Cours sur Loire › Nuits Saint Georges,202.0
2011-03-07,38,Stage 2 - Montfort l’Amaury › Amilly,198.5
2011-03-06,50,Stage 1 - Houdan › Houdan,154.5
2011-02-27,5,Les Boucles du Sud Ardèche - Souvenir F. Delpech (1.1),199.5
2011-02-20,DNF,Stage 2 - Draguignan › Draguignan,207.0
2011-02-19,108,Stage 1 - La Croix Valmer › Grimaud,168.8
2011-02-13,82,Stage 5 - Biot › Toulon (Mt Faron),165.0
2011-02-12,17,Stage 4 - La Londe les Maures › Biot,155.0
2011-02-11,54,Stage 3 - Carnoux-en-Provence › La Farlede,135.0
2011-02-10,22,Stage 2 - Saint Cannat › Rousset,125.0
2011-02-09,30,Stage 1 - Maubec-Coustellet › Pertuis,120.0
2010-10-01,45,World Championships U23 - Road Race (WC),159.0
2010-09-12,49,Stage 8 (ITT) - Guillestre › Risoul,14.0
2010-09-11,28,Stage 7 - Saillans › Risoul,204.0
2010-09-10,42,Stage 6 - Vals-les-Bains › Loriol-sur-Drôme,153.0
2010-09-09,1,Stage 5 - Ambert › Vals-les-Bains,183.0
2010-09-08,53,Stage 4 - Saint-Pourçain-sur-Sioule › Col du Béal,157.0
2010-09-07,3,Stage 3 - Saint-Amand-Montrond › Cusset,148.5
2010-09-06,11,Stage 2 - Vierzon › Saint-Amand-Montrond,144.5
2010-09-05,35,Prologue - Vierzon › Vierzon,7.0
2010-08-22,72,National Championships France U23 - Road Race (NC),165.0
2010-08-14,12,Stage 5 - Culoz › Belley,126.1
2010-08-13,4,Stage 4 - Montmerle-sur-Saône › Arbent,154.7
2010-08-12,10,Stage 3 - Villars-les-Dombes › Trévous,138.8
2010-08-11,4,Stage 2 - Lagnieu › Saint-Vulbas,140.6
2010-08-10,52,Prologue - Ambérieu-en-Bugey › Ambérieu-en-Bugey,3.0
2010-08-01,3,La Poly Normande (1.1),157.0
2010-07-25,4,Prueba Villafranca-Ordiziako Klasika (1.1),165.7
2010-06-20,52,Stage 3 (ITT) - Loudenvielle › Peyragudes,16.2
2010-06-19,16,Stage 2 - Izaourt › Saint-Gaudens,82.8
2010-06-18,7,Stage 1 - Carmaux › Saint-Gaudens,211.6
2010-06-15,13,Stage 8 - Potes › Santander,152.0
2010-06-14,4,Stage 7 - Torrelavega › Santo Toribio,143.6
2010-06-13,19,Stage 6 - Polanco › Torrelavega,173.3
2010-06-12,11,Stage 5 - Ague de Solares › Fuente del Chivo,163.6
2010-06-11,15,Stage 4 - Miengo › El Astillero,178.1
2010-06-10,48,Stage 3 - Santoña  › Ramales de la Victoria,175.5
2010-06-09,12,Stage 2 - Santander › Maliaño ,172.0
2010-06-08,83,Prologue - Santander › Santander,5.8
2010-05-30,3,Boucles de l'Aulne - Châteaulin (1.1),168.0
2010-05-29,DNF,Grand Prix de Plumelec-Morbihan (1.1),181.0
2010-05-23,DNF,Stage 5 - Metz › Hayange,158.0
2010-05-22,88,Stage 4 - Walygator (Parc) › Belleville,176.0
2010-05-21,47,Stage 3 - Raon l'Etape › Saint-Avold,159.0
2010-05-20,116,Stage 2 - Pagny sur Moselle › Chantraine,170.0
2010-05-19,88,Stage 1 - Thionville › Jarny,162.0
2010-05-16,17,Stage 4 - Saint-Maurice-l'Exil › Charvieu-Chavagneux,150.9
2010-05-15,28,Stage 3 - Domessin › Saint-Maurice-l'Exil,152.5
2010-05-14,2,Stage 2 - Charvieu-Chavagneux › Saint-Genix-sur-Guiers,159.5
2010-05-13,17,Stage 1 - Villefontaine › Maubec,135.3
2010-05-01,9,Stage 7 - Iffendic › Dinan,148.4
2010-04-30,2,Stage 6 - Huelgoat › Iffendic,190.5
2010-04-29,60,Stage 5 - Mauron › Huelgoat,176.3
2010-04-28,63,Stage 4 - Saint Gildes des Bois › Mauron,153.1
2010-04-27,63,Stage 3 - Saint Maol › Saint Gildes des Bois,185.5
2010-04-26,66,Stage 2 (ITT) - Saint Ouen › Saint Ouen,10.2
2010-04-25,45,Stage 1 - Gorey › Gorey,142.0
2010-04-17,4,Tour du Finistère (1.1),199.7
2010-04-13,11,Paris-Camembert (1.1),206.5
2010-04-09,25,Stage 5 - Abbaye de l'Epau (Le Mans) › Sillé-le-Guillaume,171.0
2010-04-08,4,Stage 4 - Angers › Pré-en-Pail,181.1
2010-04-07,52,Stage 3 (ITT) - Angers › Angers,6.8
2010-04-07,15,Stage 2 - Varades › Angers,97.0
2010-04-06,43,Stage 1 - Sablé-sur-Sarthe › Varades,184.6
2010-04-02,54,Route Adélie de Vitré (1.1),197.8
2010-03-28,88,Stage 3 (ITT) - Porto Vecchio › Porto Vecchio,7.7
2010-03-28,43,Stage 2 - Porto Vecchio › Porto Vecchio,75.5
2010-03-27,74,Stage 1 - Porto-Vecchio › Col de l'Ospedale,175.5
2010-03-21,78,Cholet-Pays de Loire (1.1),200.0
2010-03-14,59,Paris-Troyes (1.2),172.2
2010-02-28,DNF,Les Boucles du Sud Ardèche - Souvenir F. Delpech (1.1),202.6
2009-10-11,37,Paris-tours (1.2U23),179.0
2009-08-23,6,National Championships France U23 - Road Race (NC),160.6
2009-08-12,77,Stage 5 - Belley › Culoz Grand Colombier,126.9
2009-08-11,103,Stage 4 (ITT) - Saint-Genis-Pouilly › Saint-Genis-Pouilly,8.8
2009-08-11,69,Stage 3 - Lélex › Lélex,103.2
2009-08-10,87,Stage 2 - Trévoux › Oyonnax,146.5
2009-08-09,19,Stage 1 - Bourg-en-Bresse  › Saint-Denis-lès-Bourg,146.5
2009-06-07,7,Stage 5 - Chicoutimi › Chicoutimi,139.1
2009-06-07,33,Stage 4 (ITT) - Jonquière › Jonquière,8.6
2009-06-06,2,Stage 3 - Jonquière › Jonquière,103.2
2009-06-05,10,Stage 2 - Jonquière › Jonquière,159.9
2009-06-04,7,Stage 1 - La Baie › La Baie,136.2
2009-05-24,11,Stage 5 - Luzenac  › Saint Girons,133.2
2009-05-23,23,Stage 4 - Lavelanet › Plateau de Beille,143.3
2009-05-22,9,Stage 3 - Saint Girons › Les Monts d'Olmes,158.0
2009-05-21,25,Stage 2 (ITT) - Alan › ,7.8
2009-05-09,97,Stage 3 - St Martin du Bois › Craon,99.5
2009-05-09,87,Stage 2 (ITT) - Azé › Azé,13.5
2009-05-08,17,Stage 1 - Château Gontier › Segre,174.4
2009-05-01,65,Stage 7 - Douarnenez › Quimperlé,153.6
2009-04-30,89,Stage 6 (ITT) - Douarnenez › Douarnenez,24.0
2009-04-29,84,Stage 5 - Saint-Brieuc › Ploeren,169.9
2009-04-28,73,Stage 4 - Matignon › Perros Guirec,156.2
2009-04-27,76,Stage 3 - Fougères › Saint-Cast Le Guildo,161.0
2009-04-26,16,Stage 2 - Treffieux › Fougères,153.3
2009-04-25,4,Stage 1 - Nantes › Vallet,159.4
2009-04-18,4,Liège - Bastogne - Liège U23 (1.2U23),183.0
2009-03-29,6,Stage 3 - Lousada › Alto Srta. Quitéria,136.1
2009-03-28,20,Stage 2 - Castelo de Paiva › Paços de Ferreira,113.6
2009-03-27,35,Stage 1 - Penafiel › Paredes,112.7
2009-03-22,17,La Roue Tourangelle Région Centre - Classic Loire Touraine Vignobles & Chateaux (1.2),170.0
2008-08-31,3,National Championships France U23 - Road Race (NC),158.2
2008-07-27,3,Stage 3 - Rostrenen › Ploërdut,94.7
2008-07-27,2,Stage 2 - Cleden-Poher › Carhaix,96.3
2008-06-01,9,Stage 4 - Villenave › Villenave,156.0
2008-05-31,2,Stage 3 - Cenon › Cenon,179.4
2008-05-30,3,Stage 2 - Saint-Gervais › Braud,179.1
2008-05-29,96,Stage 1 - Bordeaux › Bruges,166.6
2008-05-11,39,Stage 4 - Segré › Château-Gontier,145.8
2008-05-10,50,Stage 3 - Saint-Fort › Segré,99.9
2008-05-10,69,Stage 2 (ITT) - Chemazé › Chemazé,14.6
2008-05-09,25,Stage 1 - Château-Gontier › Le Lion d'Angers,180.8
2008-05-01,42,Stage 7 - Dol-de-Bretagne › Dinan,148.9
2008-04-30,101,Stage 6 (ITT) - Dol-de-Bretagne › Dol-de-Bretagne,23.4
2008-04-29,45,Stage 5 - Lannion › Lannion,145.7
2008-04-28,35,Stage 4 - Guingamp › Lesneven,169.1
2008-04-27,25,Stage 3 - Le Cambout › Fréhel,146.1
2008-04-26,25,Stage 2 - Sarzeau  ›  La Chapelle-des-Marais,156.6
2008-04-25,31,Stage 1 - Arzon › Sarzeau,151.8
2008-04-19,47,Liège-Bastogne-Liège U23 (1.2U23),183.0
2007-08-05,87,Stage 5 - Ribeauville › Ballon d'Alsace,158.7
2007-08-04,29,Stage 4 - Habsheim › Rixheim,143.3
2007-08-03,72,Stage 3 - Guebwiller › Cernay,141.7
2007-08-02,71,Stage 2 - Strasbourg › Bischoffsheim,152.6
2007-08-01,95,Stage 1 - Altkirch › Huningue,144.7
2006-06-11,47,Stage 3 - Grandson › Grandson,112.1
2006-06-11,28,Stage 2b (ITT) - Bex › Bex,7.8
2006-06-10,9,Stage 2a - Morgins › Morgins,81.8
2006-06-09,16,Stage 1 - Crissier › Crissier,112.1
2006-06-08,32,Prologue - Lausanne › Lausanne,2.5
2006-04-02,18,Stage 2 - Saint-Jacut-Les-Pins › Saint-Jacut-Les-Pins,120.8
2006-04-02,64,Stage 1 (ITT),6.4
